100
161
1 3 88
1 4 46
1 5 19
11 12 17
11 14 75
12 13 61
12 14 74
12 15 65
13 14 34
13 15 18
14 15 53
16 17 44
16 18 51
16 19 49
16 20 44
17 18 22
17 19 62
17 20 1
18 20 21
2 3 42
2 4 56
2 5 60
21 22 12
21 23 73
21 24 48
21 25 10
22 23 84
22 25 17
23 24 28
24 25 50
26 27 15
26 28 39
26 29 28
27 28 39
27 29 42
28 29 59
28 30 76
29 30 26
3 5 79
31 32 45
31 34 51
31 35 58
32 33 27
32 35 45
33 35 51
34 35 33
36 37 32
36 38 28
36 39 61
36 40 66
37 39 51
37 40 42
38 39 76
38 40 94
39 40 89
4 5 29
41 42 54
41 45 38
42 43 50
42 44 33
42 45 34
43 44 30
43 45 39
44 45 9
46 48 33
46 49 25
46 50 27
47 48 29
47 49 35
47 50 39
48 49 20
49 50 8
51 52 79
51 53 48
51 54 35
51 55 34
52 53 32
52 55 66
53 54 13
53 55 35
54 55 25
56 57 47
56 58 21
56 60 49
57 58 57
57 59 81
58 59 44
58 60 37
59 60 58
6 7 11
6 8 56
6 9 90
61 64 25
61 65 26
61 66 71
62 63 19
62 64 28
62 65 22
62 66 80
63 65 8
63 66 62
64 65 21
65 66 65
67 68 79
67 70 25
67 71 43
68 69 85
68 70 85
69 70 29
69 71 41
7 10 78
7 8 60
70 71 25
72 73 27
72 74 56
72 75 28
72 76 61
73 75 8
73 76 85
74 75 81
74 76 52
77 78 63
77 79 24
77 80 43
77 81 66
78 79 64
78 80 73
78 81 6
79 80 19
8 10 49
8 9 41
82 83 68
82 85 26
82 86 25
83 84 73
83 86 60
84 85 87
84 86 57
85 86 36
87 88 51
87 89 76
87 90 92
87 91 21
88 89 56
88 90 41
89 90 72
89 91 77
9 10 81
92 94 77
92 96 83
93 94 24
93 95 23
93 96 53
94 96 67
95 96 40
97 100 78
97 98 53
97 99 85
98 100 44
98 99 41
99 100 76
