1000
1624
1 2 752
1 3 785
1 4 751
10 11 618
103 105 676
103 106 140
104 106 666
104 107 134
105 106 601
105 107 454
106 107 674
108 111 440
108 112 63
109 110 251
109 111 636
109 112 527
110 111 643
111 112 437
113 115 582
113 117 662
113 118 372
114 116 729
114 117 213
114 118 531
115 116 471
115 118 528
116 118 380
117 118 527
119 121 608
119 123 361
119 124 252
12 13 205
12 14 695
12 15 280
120 121 688
120 122 341
121 122 693
121 123 610
122 123 345
122 124 485
123 124 142
125 127 678
125 128 327
125 129 131
126 127 703
126 128 295
126 129 600
127 128 599
128 129 326
13 14 543
13 15 198
13 16 570
130 131 479
130 133 219
131 132 541
131 133 493
131 134 553
132 133 130
132 134 858
135 136 116
135 137 686
135 138 163
135 139 602
136 138 141
136 139 685
137 138 671
137 139 932
14 16 708
140 141 407
140 142 74
140 143 361
140 144 579
141 142 403
141 143 595
141 144 504
142 143 292
145 146 473
145 148 512
145 149 552
146 147 685
146 148 684
147 148 344
147 149 368
148 149 59
15 16 508
150 151 223
150 152 274
150 153 473
150 154 544
151 153 328
152 154 381
153 154 719
155 156 570
155 157 278
155 158 228
156 157 375
156 159 235
157 158 394
157 159 407
158 159 798
160 161 511
160 162 562
160 164 372
161 162 84
161 163 384
161 164 569
162 163 449
162 165 769
163 164 513
163 165 336
164 165 739
166 170 372
166 171 116
167 168 442
167 169 151
167 170 312
168 169 396
168 171 746
169 170 387
169 171 378
17 20 483
17 21 428
17 22 770
170 171 404
172 173 693
172 174 686
172 176 581
173 174 412
173 175 385
173 176 501
174 175 43
177 178 351
177 179 396
177 180 560
178 180 869
179 180 330
179 181 366
18 19 167
18 20 320
18 21 335
180 181 346
182 183 252
182 184 457
182 185 437
182 186 324
182 187 471
183 185 333
183 187 588
184 186 477
184 187 316
185 186 557
188 189 784
188 190 567
188 192 233
189 191 336
189 192 552
19 20 465
19 21 472
19 22 1004
190 191 660
190 192 602
191 192 441
193 194 694
193 195 173
193 196 725
193 197 249
194 196 436
194 197 934
195 196 667
195 197 326
198 199 605
198 201 344
198 202 841
199 200 376
199 201 413
199 202 480
2 3 562
2 4 59
2 5 473
20 21 420
20 22 580
200 201 735
200 202 601
203 204 658
203 205 758
203 206 787
204 205 698
204 206 356
204 207 98
205 207 759
206 207 335
208 209 519
208 211 48
208 212 319
209 210 474
209 212 309
210 211 694
210 212 414
211 212 289
213 215 185
213 216 476
214 215 620
214 216 427
214 217 497
215 216 561
215 217 752
218 219 379
218 221 704
218 222 560
219 220 765
219 222 587
220 221 379
220 222 280
221 222 260
223 224 184
223 226 284
223 227 240
224 225 275
224 227 343
225 227 464
226 227 206
228 229 550
228 230 253
228 231 910
228 232 673
229 232 181
23 24 816
23 25 636
23 26 381
23 27 680
230 231 860
231 232 669
233 234 260
233 236 761
233 237 142
234 235 142
234 236 521
234 237 241
235 236 563
235 237 249
238 240 490
238 243 746
239 240 294
239 241 682
239 242 683
239 243 586
24 26 773
24 27 531
240 243 568
241 242 262
241 243 305
244 245 699
244 246 427
244 247 305
244 248 165
245 246 778
245 248 863
246 247 194
247 248 326
249 250 599
249 251 201
249 252 246
249 253 188
25 27 226
250 251 594
250 253 786
251 252 196
252 253 220
254 255 72
254 256 342
254 257 20
254 258 595
255 256 277
255 257 92
256 258 784
257 258 584
259 260 265
259 261 78
259 262 362
260 261 293
260 262 590
260 263 558
261 262 403
261 263 293
262 263 544
264 265 355
264 266 277
264 267 294
264 268 398
264 269 307
265 266 529
265 268 121
266 267 458
267 269 305
268 269 371
270 272 682
270 273 129
270 274 399
270 275 766
271 272 283
271 273 746
271 274 331
271 275 494
272 274 396
272 275 213
273 274 414
276 277 306
276 278 648
276 279 304
276 281 326
276 282 334
277 278 901
277 282 119
278 281 380
279 280 209
279 281 571
279 282 246
28 29 403
28 30 128
28 31 638
28 32 748
280 282 260
283 284 266
283 286 202
283 287 110
284 285 604
284 286 468
284 287 194
285 286 740
285 287 550
286 287 296
288 291 352
288 292 236
288 293 249
289 290 171
289 292 403
289 293 221
289 294 580
29 30 497
29 31 657
290 291 407
290 293 275
290 294 614
291 293 222
292 293 383
292 294 812
295 296 550
295 297 367
295 298 351
296 298 207
296 299 381
297 298 368
297 299 401
298 299 376
3 5 206
30 32 854
300 302 162
300 304 615
301 303 84
301 304 212
302 303 1011
302 304 760
303 304 280
305 306 486
305 307 770
305 308 284
305 309 294
306 307 406
306 309 340
307 308 1019
308 309 548
31 32 180
310 312 171
310 313 748
310 315 609
311 313 204
311 314 77
311 315 452
312 315 700
313 314 173
313 315 536
316 317 290
316 319 313
317 318 439
317 319 383
317 320 636
318 319 440
318 320 242
319 320 681
321 322 1065
321 324 482
321 325 208
322 323 475
322 324 605
323 324 402
323 325 731
324 325 418
326 327 163
326 328 161
326 329 363
326 330 378
327 328 25
327 330 465
328 329 450
329 330 660
33 35 279
33 36 162
33 37 447
331 332 840
331 333 176
331 335 586
332 333 665
332 334 195
332 335 859
333 334 495
333 335 536
334 335 671
336 337 326
336 338 391
336 339 488
336 340 406
337 338 163
337 339 815
338 340 296
339 340 764
34 35 788
34 36 812
34 37 951
341 343 870
341 344 536
342 343 30
342 344 665
342 345 559
343 344 682
344 345 186
346 347 128
346 349 365
346 350 475
347 349 270
348 349 372
348 350 260
349 350 168
35 36 252
35 37 251
351 353 907
351 354 755
351 355 776
352 353 1079
352 354 213
352 355 871
353 355 210
354 355 889
356 357 84
356 360 839
357 358 559
357 359 615
357 360 812
358 359 394
359 360 408
361 362 695
361 363 627
361 364 1073
361 365 575
362 363 466
362 364 408
362 365 191
363 364 836
363 365 288
366 367 211
366 368 324
366 369 936
367 368 218
367 369 746
367 370 294
368 370 175
369 370 733
371 372 837
371 375 92
372 373 418
372 375 850
373 374 636
373 375 815
374 375 501
376 377 621
376 378 547
376 380 436
376 381 503
377 378 77
377 379 135
378 379 191
378 380 241
379 380 366
379 381 987
38 39 657
38 40 592
38 41 419
38 42 427
380 381 622
382 384 502
382 386 716
383 384 288
383 385 115
384 385 339
384 386 492
385 386 290
387 388 121
387 389 130
387 390 464
387 391 489
388 390 350
388 391 536
389 390 592
389 391 464
39 40 711
39 41 350
39 43 458
390 391 838
392 393 556
392 394 549
392 396 89
393 395 712
393 396 535
394 395 593
394 396 483
395 396 689
397 398 985
397 399 414
397 400 548
397 401 594
398 400 439
398 401 868
399 400 164
399 401 426
40 42 224
40 43 450
400 401 549
402 403 261
402 405 449
402 406 179
403 404 749
403 405 708
403 406 221
404 405 862
404 406 554
405 406 586
407 409 346
407 411 575
408 409 556
408 410 181
408 411 380
409 411 354
410 411 233
412 413 697
412 414 771
412 415 648
413 414 324
413 415 149
413 416 138
414 416 437
415 416 156
417 418 248
417 419 517
417 420 241
417 421 573
418 420 22
418 421 655
419 421 149
422 423 413
422 425 853
423 424 849
423 425 872
423 426 980
424 425 200
424 426 372
425 426 570
427 428 512
427 429 623
427 430 302
427 431 478
428 429 833
428 430 548
429 430 337
429 431 144
430 431 197
432 434 322
432 435 349
432 436 357
433 434 264
433 436 209
434 436 369
435 436 79
437 438 659
437 440 308
438 439 341
438 440 530
438 441 514
439 440 327
439 441 526
44 46 371
44 48 289
442 443 744
442 444 642
442 446 446
443 444 318
443 445 704
443 446 657
443 447 331
444 447 649
445 446 473
445 447 555
448 449 818
448 450 165
448 451 680
448 452 179
449 450 677
449 451 1060
449 452 650
45 46 120
45 47 654
45 48 557
450 451 618
450 452 34
453 456 196
453 457 517
454 455 333
454 456 254
454 457 166
455 457 217
456 457 337
458 459 425
458 460 491
458 461 266
459 461 441
459 462 481
46 48 505
460 461 272
460 462 697
461 462 573
463 465 715
463 466 213
463 467 449
464 465 242
464 467 431
464 468 116
465 467 527
465 468 328
466 467 327
467 468 515
469 470 649
469 472 98
469 473 582
47 48 475
470 471 501
470 472 640
470 473 490
471 473 409
474 475 289
474 476 362
474 479 228
475 476 337
475 477 783
475 478 384
475 479 191
476 477 1018
477 478 502
478 479 397
480 481 434
480 482 289
480 484 906
481 482 260
481 483 597
482 483 584
482 484 679
483 484 447
485 486 325
485 488 369
485 489 715
486 488 53
486 489 754
486 490 403
487 489 524
487 490 790
488 490 378
489 490 839
49 50 484
49 51 788
49 52 697
491 492 238
491 493 875
491 494 669
492 493 752
492 494 481
492 495 714
493 495 872
494 495 459
496 497 317
496 499 398
496 500 508
496 501 285
497 500 249
497 501 33
498 499 440
498 500 845
499 500 725
50 52 342
50 53 407
500 501 264
502 503 313
502 504 212
502 505 109
502 506 401
503 505 214
503 506 695
504 505 299
504 506 314
504 507 340
506 507 85
508 510 123
508 511 898
508 512 670
509 510 379
509 511 874
509 512 651
51 52 317
51 53 654
510 512 696
511 512 237
513 514 150
513 516 738
513 517 492
514 516 833
515 516 393
515 517 366
516 517 538
518 519 467
518 520 489
518 521 152
518 522 465
519 520 952
519 521 534
52 53 353
520 522 25
521 522 465
523 524 536
523 525 526
523 526 318
523 527 802
524 525 125
524 526 642
524 527 341
525 527 282
528 529 510
528 530 571
528 531 768
528 532 532
529 530 137
529 532 412
530 531 784
533 534 873
533 535 726
533 537 694
534 535 179
534 536 695
535 536 553
535 537 722
536 537 319
538 539 101
538 541 277
538 542 486
539 540 548
539 541 303
54 56 764
54 57 59
54 58 368
540 541 346
540 542 645
541 542 369
543 544 333
543 545 358
543 546 341
543 547 145
544 545 481
544 546 558
544 547 283
545 546 689
545 547 245
548 549 683
548 550 811
548 552 576
549 550 512
55 56 303
55 57 738
55 58 659
550 551 113
550 552 678
551 552 653
553 554 120
553 555 788
553 556 664
554 556 596
554 557 823
555 556 365
555 557 521
556 557 262
558 560 340
558 561 930
558 562 554
559 560 350
559 561 532
559 562 200
56 57 735
560 562 295
561 562 447
563 564 747
563 565 620
563 566 552
563 567 673
564 567 414
565 566 140
565 567 348
566 567 233
568 569 711
568 571 260
568 572 732
569 570 218
569 571 792
569 572 24
57 58 313
570 571 842
570 572 222
573 574 603
573 575 671
573 576 1122
573 577 679
574 576 522
574 577 401
575 576 975
575 577 229
576 577 746
578 579 1015
578 581 212
578 582 755
579 580 681
579 581 835
579 582 801
580 581 191
580 582 420
581 582 564
583 584 535
583 585 320
583 588 381
584 587 946
584 588 441
585 586 132
585 587 474
585 588 406
586 587 345
586 588 355
587 588 508
589 590 258
589 591 299
589 592 301
589 593 459
59 62 664
59 63 347
59 64 503
590 591 482
590 593 662
591 592 404
592 593 217
594 595 342
594 596 537
594 597 417
594 599 552
595 596 623
596 597 188
596 598 52
597 598 165
597 599 157
598 599 210
6 10 552
6 11 71
6 7 250
6 8 401
60 61 84
60 62 291
600 601 319
600 602 916
600 603 204
600 604 360
601 602 667
601 603 114
601 604 113
602 604 573
603 604 175
605 606 450
605 607 305
605 608 269
605 609 349
606 608 300
606 609 683
607 608 292
607 609 620
61 62 363
61 64 507
610 611 804
610 612 831
610 614 643
611 613 307
611 614 223
612 613 733
612 614 704
613 614 298
615 616 324
615 618 32
615 619 214
616 617 595
616 618 321
616 619 317
617 619 595
62 64 611
620 621 656
620 623 742
620 624 81
620 625 74
621 622 294
621 623 916
621 624 675
621 625 633
622 623 622
622 625 477
623 624 823
623 625 670
626 627 294
626 628 414
626 629 443
626 630 361
627 628 239
628 629 158
629 630 306
63 64 465
631 632 476
631 633 495
632 633 652
632 634 614
632 635 824
633 634 216
633 635 313
634 635 211
636 637 530
636 638 423
636 639 166
636 640 390
637 638 332
638 639 339
638 640 707
639 640 372
641 642 170
641 644 227
641 645 771
642 643 1031
642 645 802
643 645 490
644 645 776
646 647 653
646 648 871
646 649 730
646 650 951
647 649 237
647 650 298
648 649 159
648 650 403
649 650 362
65 67 728
65 69 455
65 70 171
651 652 824
651 653 598
651 654 509
651 655 568
652 653 473
652 655 334
653 654 429
653 655 169
656 657 384
656 659 856
656 660 794
656 661 468
657 658 478
657 660 428
657 661 284
658 659 182
658 660 563
658 661 322
659 661 389
66 67 752
66 68 276
66 70 731
662 663 632
662 665 776
662 667 502
663 664 215
663 666 192
663 667 360
664 665 545
664 666 199
665 666 422
665 667 322
666 667 210
668 670 289
668 671 114
668 672 160
669 670 674
669 671 508
669 672 300
67 70 595
670 671 345
670 672 377
671 672 258
673 674 594
673 675 464
673 676 171
674 675 491
674 676 627
674 677 646
675 677 495
678 679 101
678 682 233
679 680 271
679 682 224
679 683 389
68 69 308
68 70 599
680 681 448
680 682 232
680 683 138
681 682 643
681 683 331
684 685 207
684 686 174
684 687 762
684 688 410
685 686 113
685 688 498
686 687 928
687 688 697
689 690 398
689 691 181
689 692 419
69 70 368
690 691 429
690 693 453
691 692 303
691 693 326
692 693 491
694 696 627
694 697 938
694 700 590
695 697 391
695 698 197
695 699 348
695 700 467
696 698 206
696 699 572
696 700 392
697 699 721
697 700 348
698 699 375
698 700 463
7 11 287
7 8 278
7 9 357
701 702 354
701 703 737
701 704 276
701 705 116
702 703 1087
702 705 242
703 704 497
704 705 385
706 707 626
706 708 719
706 709 272
706 710 401
707 708 626
707 709 683
708 710 601
709 710 662
71 74 34
71 76 402
71 77 770
711 712 518
711 714 985
711 715 506
712 713 706
712 714 762
712 715 147
713 714 107
713 715 853
716 717 218
716 718 514
716 719 147
716 720 590
717 718 386
717 719 122
717 720 498
718 719 370
718 720 837
72 73 422
72 75 491
72 77 300
721 722 384
721 723 574
721 725 410
722 724 731
722 725 676
723 724 677
723 725 166
724 725 647
726 727 615
726 728 839
726 729 595
726 730 708
727 729 59
727 730 300
728 730 431
729 730 249
73 75 400
73 76 293
731 732 421
731 733 432
731 734 313
732 733 148
732 735 486
733 734 491
733 735 337
734 735 469
736 738 357
736 739 226
736 740 256
737 738 420
737 739 601
737 740 362
737 741 192
738 740 352
738 741 242
739 740 243
74 75 260
74 76 376
74 77 739
740 741 237
742 743 23
742 745 196
742 746 220
742 747 291
743 744 810
743 746 225
743 747 285
744 746 832
744 747 868
745 746 101
745 747 482
748 749 802
748 750 310
748 751 172
749 750 872
749 752 723
749 753 575
75 76 171
75 77 595
750 751 197
750 752 847
750 753 771
752 753 151
754 755 362
754 756 489
754 757 242
754 758 239
755 756 373
755 757 405
756 758 576
757 758 437
759 760 202
759 761 564
759 762 505
759 763 721
760 761 423
760 762 328
761 762 540
761 763 361
764 766 351
764 767 615
764 768 751
765 766 589
765 768 270
765 769 46
766 768 600
766 769 571
767 768 1122
768 769 225
770 771 221
770 772 413
770 774 531
771 772 634
771 773 700
771 774 669
772 774 519
773 774 891
775 776 753
775 777 1052
775 779 470
776 777 325
776 778 124
776 779 363
777 778 236
778 779 468
78 79 396
78 80 383
78 81 532
78 82 338
780 781 538
780 783 388
781 782 731
781 783 728
782 783 585
782 784 182
783 784 510
785 787 260
785 788 252
785 789 100
786 787 429
786 788 376
786 789 524
787 788 71
788 789 247
79 80 508
79 82 352
790 791 1042
790 792 809
790 793 455
790 794 842
791 792 237
791 794 491
792 793 387
792 794 361
793 794 402
795 796 137
795 797 359
795 798 183
795 799 183
796 798 127
797 798 425
797 799 207
798 799 219
8 10 397
8 9 194
80 81 893
800 802 300
800 804 234
800 805 68
800 806 283
801 802 424
801 805 104
801 806 169
802 803 648
802 804 341
802 805 332
803 804 310
803 806 592
804 806 452
805 806 242
807 808 563
807 810 771
807 811 646
808 809 396
808 811 224
809 810 407
809 811 257
81 82 509
810 811 316
812 814 953
812 815 791
812 816 572
813 814 442
813 815 164
813 816 184
814 815 567
814 816 421
815 816 340
817 818 217
817 819 634
817 820 214
818 819 502
818 820 422
818 821 677
819 820 837
819 821 735
820 821 1074
822 823 393
822 824 451
822 825 171
823 824 285
823 825 463
823 826 460
824 826 571
825 826 909
827 828 396
827 829 466
827 830 183
827 831 354
828 830 296
828 831 474
829 831 636
83 84 357
83 85 366
83 87 460
830 831 225
832 833 296
832 834 1050
832 835 773
833 834 755
833 835 494
833 836 614
834 836 223
835 836 226
837 838 234
837 840 575
837 841 413
838 840 350
838 841 179
839 840 29
839 841 224
84 85 601
84 86 310
84 87 128
840 841 199
842 843 554
842 844 192
842 846 571
843 845 441
843 846 451
844 846 564
845 846 486
847 849 514
847 851 306
848 849 423
848 850 33
848 851 303
849 850 396
849 851 472
85 86 869
850 851 279
852 853 819
852 854 874
853 854 538
853 855 160
853 856 494
854 855 417
854 856 480
855 856 348
857 858 449
857 859 472
857 860 722
857 861 251
857 862 308
858 859 448
858 860 768
858 862 278
86 87 238
860 861 471
860 862 528
861 862 184
863 864 333
863 865 411
863 866 371
863 867 320
864 866 103
865 866 237
865 867 458
868 869 484
868 870 194
868 871 153
868 872 273
869 871 626
869 872 399
870 871 50
870 872 440
873 875 300
873 876 957
873 877 488
874 875 608
874 876 186
874 877 771
875 876 734
875 877 307
878 879 354
878 881 743
879 881 507
879 882 755
88 90 145
88 91 325
88 93 380
88 94 312
880 881 185
880 882 153
881 882 314
883 884 196
883 885 363
883 886 872
884 885 218
884 887 536
885 886 528
885 887 340
886 887 293
888 889 438
888 890 250
888 892 301
889 892 276
89 92 109
89 94 87
890 891 169
890 892 440
891 892 555
893 895 443
893 896 508
893 897 582
893 898 652
894 895 185
894 897 407
895 897 515
896 897 189
896 898 647
899 900 550
899 903 84
9 10 557
90 91 438
90 92 119
90 94 192
900 901 373
900 902 595
900 903 523
901 902 411
901 903 490
904 905 375
904 906 65
904 908 592
904 909 267
905 906 428
905 907 475
905 909 130
906 908 628
907 908 627
907 909 472
908 909 628
91 92 543
91 93 608
910 911 175
910 913 456
910 914 729
911 913 282
911 914 709
912 913 532
912 914 808
913 914 806
915 916 735
915 917 376
915 919 730
916 918 677
916 919 514
917 918 674
917 919 574
918 919 188
92 94 136
920 921 672
920 922 636
920 923 600
920 924 696
920 925 196
920 926 218
921 923 578
921 925 578
922 923 107
922 924 226
924 926 861
925 926 294
927 928 522
927 929 247
927 930 180
927 931 430
928 929 651
928 930 457
928 931 598
929 930 193
929 931 676
93 94 456
932 935 273
932 936 396
932 937 206
933 934 644
933 937 387
934 935 247
934 936 361
934 937 538
935 936 181
935 937 426
938 940 138
938 941 519
938 942 271
938 943 727
939 942 295
939 943 424
939 944 533
940 941 408
940 942 200
940 944 339
941 944 153
942 943 535
942 944 408
945 946 874
945 948 371
945 949 255
946 947 580
946 949 726
947 948 710
947 949 630
948 949 251
95 101 183
95 96 173
95 98 608
950 951 393
950 952 739
950 953 457
950 954 647
951 952 390
951 953 110
952 953 421
952 954 485
953 954 207
955 956 335
955 958 596
955 959 521
956 957 555
956 958 277
956 959 446
957 958 686
957 959 194
96 100 828
96 101 356
96 102 567
96 98 658
96 99 677
960 961 330
960 962 496
960 964 584
960 965 170
961 963 393
961 964 386
961 965 430
962 964 702
962 965 611
963 964 420
963 965 817
966 967 133
966 968 269
966 969 511
966 970 309
967 969 627
967 970 384
968 969 539
968 970 92
97 100 379
97 102 197
97 98 481
97 99 196
971 973 405
971 974 223
971 975 739
972 973 303
972 974 371
972 975 549
973 974 185
974 975 708
976 977 682
976 978 298
976 979 470
976 980 677
977 980 151
978 979 183
978 980 731
979 980 876
98 101 623
98 102 441
981 982 376
981 983 509
981 984 654
981 985 191
982 985 262
983 984 147
983 985 651
986 987 539
986 988 669
986 989 598
986 990 616
987 988 410
987 990 97
988 989 314
988 990 481
99 100 227
99 102 166
991 994 419
991 995 699
992 993 329
992 994 549
992 995 848
992 996 293
993 995 858
993 996 49
994 995 660
995 996 819
997 1000 652
997 999 363
998 1000 78
998 999 396
999 1000 414
